Adelaid
Albany
AliceSprings
Uluru
Brisbane
Broome
Cairns
Canberra  
Darwin
Hobart
Kununurra
Mackay
Melbourne
MountIsa
Perth
Sydney 
    0   
 2673      0   
 1533   3588      0    
 1578   3633    443      0  
 2045   4349   3038   3254      0  
 2483   1943   2483   1223   3317      0   
 3352   5656   2457   2900   1716   2496      0   
 1196   3846   3706   2751   1261   3275   2568      0   
 3022   4614   1489   1932   3463   1803   2882   4195      0   
 1001   3674   2534   2579   1944   3636   3251    918   4023      0   
 3219   3787   1686   2129   3660   1045   3079   4392    827   4220      0   
 2783   5087   2505   2948    976   2840    740   1999   2930   2682   3127      0   
  731   3404   2264   2309   1674   3124   2981    648   3753    609   3950   2412      0   
 2742   5106   1209   1652   1829   1834   1248   2561   1634   3075   1831   1296   2805      0   
 2781    409   3696   3741   4457   2389   5764   3954   4205   3782   3378   5195   3512   4905      0   
 1412   3970   3830   2875   1001   3373   2495    286   4034   1142   4516   1926    872   2400   4078      0


